Netlogo: 400, 900, 85, 1740. 400, 900, 58. 1203. 400, 900, 42, 1433. 400, 900, 51, 1351. 400, 900, 55, 1320
python: 400, 900 , 50, 4380. 400, 900, 44, 4322. 400, 900, 47, 4295. 400, 900, 49, 4632. 400, 900, 53, 4200.
				   
				    I    S   BF  IN    I    S   BF  IN   I   S   BF  IN 
Python 'SFT GRAMMAR 2 - GEVA.BNF': 306  883  89  0.2  166  877  89  0.2  400 900 88  0.2
Python 'SFT GRAMMAR 3 - GEVA.BNF':  18  868  89  232  400  900  73  242  301 868 89  260
  
Python 'SFT GRAMMAR 1 - libGE.BNF': 400  900  85  204  279  872  89  224  400 900 85 209



Python H